NSci204 11.00 9.90 11.00 11.00 11.00 11.00 11.00 11.00 11.00 11.00 9.90 
RelS304 11.00 11.00 11.00 11.00 11.00 11.00 11.00 11.00 11.00 11.00 11.00 
ICS232 0.00 9.90 9.90 11.00 11.00 11.00 11.00 11.00 11.00 9.90 0.00 
Math320 0.00 9.90 0.00 0.00 11.00 0.00 0.00 11.00 0.00 0.00 9.90 
Chem105 11.00 11.00 0.00 11.00 11.00 0.00 11.00 9.90 0.00 11.00 11.00 
ICS311 0.00 11.00 11.00 11.00 9.90 11.00 11.00 11.00 11.00 11.00 11.00 
ICS499 0.00 11.00 11.00 11.00 11.00 11.00 11.00 11.00 11.00 11.00 11.00 
Phys110 11.00 11.00 0.00 11.00 11.00 0.00 11.00 9.90 0.00 11.00 11.00 
EthS100 11.00 11.00 11.00 11.00 9.90 11.00 11.00 11.00 11.00 11.00 11.00 
Comm320 11.00 11.00 11.00 11.00 11.00 11.00 11.00 11.00 11.00 11.00 11.00 
ICS372 0.00 11.00 9.90 11.00 11.00 11.00 11.00 11.00 11.00 11.00 0.00 
ICS471 0.00 0.00 0.00 11.00 0.00 0.00 11.00 0.00 0.00 11.00 0.00 
Math120 11.00 8.91 11.00 11.00 11.00 11.00 9.90 11.00 11.00 11.00 0.00 
Psyc100 9.90 11.00 11.00 11.00 11.00 11.00 11.00 11.00 11.00 11.00 11.00 
Writ231 0.00 11.00 11.00 11.00 11.00 11.00 11.00 9.90 11.00 11.00 0.00 
Writ131 11.00 11.00 11.00 11.00 11.00 11.00 11.00 11.00 11.00 11.00 0.00 
ICS365 0.00 11.00 9.90 11.00 11.00 11.00 11.00 11.00 11.00 11.00 11.00 
Math210 0.00 11.00 9.90 11.00 11.00 11.00 11.00 11.00 11.00 11.00 0.00 
Math211 0.00 11.00 11.00 11.00 11.00 11.00 11.00 9.90 11.00 11.00 0.00 
Math310 0.00 11.00 0.00 11.00 11.00 0.00 11.00 11.00 0.00 11.00 11.00 
Math215 0.00 11.00 9.90 11.00 11.00 11.00 11.00 11.00 11.00 11.00 0.00 
Lit100 9.90 11.00 9.90 11.00 11.00 11.00 11.00 11.00 11.00 11.00 11.00 
ICS140 11.00 11.00 11.00 11.00 11.00 9.90 11.00 11.00 11.00 11.00 0.00 
ICS382 0.00 11.00 11.00 9.90 11.00 11.00 11.00 11.00 11.00 11.00 11.00 
ICS141 0.00 11.00 11.00 11.00 11.00 11.00 11.00 11.00 11.00 11.00 0.00 
ICS240 0.00 11.00 11.00 11.00 11.00 11.00 11.00 11.00 11.00 11.00 0.00 
ICS460 0.00 11.00 11.00 11.00 11.00 11.00 11.00 11.00 11.00 11.00 9.90 
ICS340 0.00 11.00 11.00 11.00 11.00 11.00 11.00 11.00 11.00 11.00 0.00 
ICS440 0.00 11.00 11.00 11.00 11.00 11.00 11.00 11.00 11.00 11.00 11.00 
ICS462 0.00 11.00 11.00 11.00 11.00 11.00 11.00 11.00 11.00 11.00 11.00 
